     0/299     2.65G   0.05053   0.01497    0.0288    0.0943         4       640  0.002412   0.07407  0.001094 0.0002189   0.06323   0.01184   0.02466
     1/299     3.29G   0.04932   0.01076   0.02919   0.08928         1       640    0.1218   0.03704  0.004146 0.0008292   0.05721  0.009101   0.02502
     2/299     3.29G   0.04924  0.009268   0.02962   0.08813         4       640     0.669   0.03704 0.0009385 0.0001228   0.06112   0.02122   0.02596
     3/299     3.29G    0.0493  0.008834    0.0306   0.08874         1       640         0         0         0         0   0.05849  0.007654    0.0245
     4/299     3.29G    0.0484  0.008282      0.03   0.08668         1       640         0         0         0         0   0.05459  0.007855   0.02444
     5/299     3.29G   0.04746  0.007991   0.02835    0.0838         1       640         0         0         0         0   0.06191  0.007093   0.04211
     6/299     3.29G    0.0443  0.008538   0.02836    0.0812         4       640         0         0         0         0   0.05923  0.007183   0.02712
     7/299     3.29G   0.04494  0.008513   0.02863   0.08208         2       640         0         0         0         0   0.07703   0.03682     1.087
     8/299     3.29G   0.04351  0.009087   0.02797   0.08056         1       640         0         0         0         0   0.07695    0.4282    0.5071
     9/299     3.29G   0.04394  0.009134   0.02768   0.08076         1       640    0.5554   0.03704   0.05741   0.02281   0.06539  0.005305   0.08585
    10/299     3.29G   0.04293  0.009658   0.02729   0.07988         4       640 0.0001423   0.07407 0.0002736  8.43e-05   0.06305  0.006195    0.0508
    11/299     3.29G   0.04164  0.009168   0.02597   0.07678         3       640 6.456e-05   0.03704   3.8e-05   3.8e-06   0.05866  0.007321   0.02748
    12/299     3.29G   0.04217  0.009681   0.02626   0.07811         1       640         0         0         0         0   0.05981  0.007307   0.02726
    13/299     3.29G   0.04075  0.008926   0.02598   0.07565         1       640    0.2319   0.03218  0.003723 0.0007446    0.0629  0.007071   0.02733
    14/299     3.29G   0.04174    0.0094   0.02593   0.07707         4       640   0.01599   0.07407  0.006802  0.002041   0.06637  0.006844   0.02567
    15/299     3.29G   0.04084  0.009259   0.02564   0.07574         2       640    0.5642   0.03704  0.005223 0.0009882   0.06533  0.006728   0.02559
    16/299     3.29G   0.04075  0.009222   0.02557   0.07555         1       640    0.4768   0.07407    0.0199  0.003336    0.0649  0.006325   0.02604
    17/299     3.29G   0.04062  0.009394   0.02578   0.07579         4       640   0.01501    0.1111   0.02372  0.004088   0.06279  0.006818   0.02532
    18/299     3.29G   0.04003  0.009434   0.02538   0.07484         3       640   0.02715    0.1111   0.04028   0.01236   0.06371  0.006781   0.02527
    19/299     3.29G   0.04131  0.009548   0.02584    0.0767         2       640   0.01852   0.03704   0.01867  0.001867   0.06172  0.006934   0.02471
    20/299     3.29G   0.03799  0.009761   0.02462   0.07237         1       640  0.009259   0.03704  0.003753 0.0007506   0.05998  0.007511   0.02489
    21/299     3.29G   0.03891  0.009625   0.02436   0.07289         1       640  0.006991   0.07407  0.007487 0.0007506   0.06211  0.007376   0.02465
    22/299     3.29G   0.03819  0.009572   0.02489   0.07266         1       640    0.6097   0.03704   0.01864  0.001864   0.06201  0.007441   0.02539
    23/299     3.29G   0.04098  0.009472   0.02595   0.07641         1       640  0.009259   0.03704  0.009336  0.004668   0.05916  0.007607   0.02573
    24/299     3.29G   0.04097  0.009887   0.02543   0.07629         3       640         0         0         0         0   0.05842  0.007464   0.02501
    25/299     3.29G   0.03928  0.009386    0.0248   0.07346         4       640    0.2375   0.03704   0.03722   0.01489   0.05941  0.007418   0.02477
    26/299     3.29G   0.03831   0.00985   0.02439   0.07255         2       640    0.3445   0.03704  0.008886 0.0008886   0.06033  0.007629   0.02555
    27/299     3.29G   0.03971  0.009384   0.02463   0.07372         2       640    0.6107   0.03676   0.01867  0.003741   0.05779  0.007685   0.02497
    28/299     3.29G   0.03887  0.009423   0.02421    0.0725         1       640 0.0006565    0.1481   0.00795 0.0008859   0.05769  0.007534   0.02494
    29/299     3.29G   0.03804   0.00975   0.02396   0.07175         2       640 0.0008634    0.1111 0.0007724 0.0001256    0.0564  0.007875   0.02495
    30/299     3.29G   0.03825  0.009602   0.02465    0.0725         2       640 0.0002173   0.07407 0.0003218 7.586e-05   0.05552  0.008051   0.02507
    31/299     3.29G   0.03932  0.009942   0.02451   0.07377         4       640 0.0004918    0.1481 0.0009945 0.0002625   0.06489   0.01236    0.1365
    32/299     3.29G   0.03987  0.009495   0.02552   0.07488         1       640      0.35    0.0699  0.008063  0.003183   0.06009  0.008754   0.04026
    33/299     3.29G   0.03922   0.00935   0.02406   0.07263         2       640    0.3434   0.03704  0.003958  0.001468   0.06113   0.00972   0.02943
    34/299     3.29G   0.03951  0.009495   0.02494   0.07395         4       640 0.0003953    0.1111 0.0002344 4.412e-05   0.06322  0.007483   0.02519
    35/299     3.29G   0.03655   0.00944   0.02287   0.06886         1       640    0.4594   0.03704  0.006601  0.002592    0.0607  0.007628   0.02522
    36/299     3.29G   0.03686  0.009617   0.02354   0.07001         1       640     0.607   0.03431   0.01913  0.001945    0.0606  0.007625    0.0254
    37/299     3.29G    0.0391  0.009709   0.02347   0.07228         2       640    0.3474   0.03704   0.01038  0.002978   0.06023  0.007759   0.02522
    38/299     3.29G    0.0354  0.009001   0.02165   0.06605         3       640    0.6874   0.03704   0.01258  0.003114    0.0639  0.007541   0.02519
    39/299     3.29G   0.03865  0.009622    0.0228   0.07108         1       640     0.497   0.03704   0.03952   0.01949   0.06206  0.007732   0.02531
    40/299     3.29G   0.03589  0.008772   0.02148   0.06614         1       640    0.4989    0.1007   0.06252   0.02793   0.06653  0.006885    0.0302
    41/299     3.29G   0.03593  0.008852   0.02112    0.0659         1       640   0.02181   0.03704   0.01001   0.00373   0.06287  0.006937   0.02512
    42/299     3.29G   0.03533  0.008745   0.02029   0.06436         1       640   0.01968    0.1111    0.0117  0.005065   0.05749  0.007387   0.02557
    43/299     3.29G   0.03609  0.008992   0.02157   0.06665         4       640   0.01591    0.1852   0.02119  0.009621   0.06174   0.00686   0.02468
    44/299     3.29G   0.03404  0.008768   0.02055   0.06336         3       640    0.1598   0.07407   0.02903   0.01347    0.0608  0.006995   0.02444
    45/299     3.29G    0.0306  0.008483   0.01875   0.05783         2       640   0.03156    0.4036   0.03319   0.01551   0.06112  0.006703   0.02427
    46/299     3.29G   0.03372  0.008384   0.02081   0.06292         2       640     0.206    0.1459   0.09933   0.04529   0.05752  0.006773   0.02432
    47/299     3.29G   0.03375   0.00851   0.02018   0.06244         2       640   0.05522    0.2097    0.1176   0.05888   0.05724  0.006632   0.02412
    48/299     3.29G   0.03276  0.008283   0.01943   0.06047         2       640    0.1388    0.3332    0.1224   0.07281   0.05737  0.006405   0.02404
    49/299     3.29G   0.03275  0.008026   0.01922   0.05999         2       640   0.09425    0.3333    0.1681   0.07824   0.05759  0.006211   0.02565
    50/299     3.29G   0.03123  0.008266   0.01946   0.05896         2       640    0.1891    0.2593    0.1728   0.08574   0.05587  0.006298   0.02329
    51/299     3.29G   0.03164  0.007887   0.01873   0.05826         1       640    0.1975    0.2144    0.2022     0.112   0.05867  0.005923   0.02562
    52/299     3.29G   0.03178  0.007817   0.01856   0.05816         1       640    0.1827    0.2963     0.229    0.1222   0.05656  0.005909   0.02352
    53/299     3.29G   0.03003  0.007903   0.01812   0.05606         2       640    0.3754    0.2957    0.2525    0.1448   0.05619   0.00575   0.02309
    54/299     3.29G   0.03079  0.007646   0.01845   0.05688         4       640    0.2135    0.3278    0.1779    0.1057   0.05472  0.005747   0.02258
    55/299     3.29G   0.03039   0.00787   0.01833   0.05658         2       640    0.3402    0.3562    0.3487    0.2069    0.0548   0.00542   0.02252
    56/299     3.29G   0.02748  0.007505   0.01654   0.05153         2       640    0.2498    0.2963    0.2651    0.1714   0.05253  0.005402   0.02206
    57/299     3.29G   0.03212  0.007612   0.01932   0.05906         2       640    0.2829    0.3566    0.3351    0.2008   0.05422  0.005518   0.02205
    58/299     3.29G   0.02802  0.007463   0.01788   0.05337         2       640    0.4829    0.4408     0.365    0.2155   0.05323  0.005632   0.02182
    59/299     3.29G   0.02842  0.007523    0.0177   0.05364         1       640    0.4459    0.3743    0.4199    0.2085   0.05289  0.005293   0.02157
    60/299     3.29G   0.03047  0.007577   0.01786   0.05591         4       640    0.5253    0.4815    0.4854    0.2776   0.05314  0.004987   0.02109
    61/299     3.29G    0.0281  0.007469   0.01791   0.05348         4       640    0.3584    0.5473    0.4412    0.2154   0.05402  0.004998   0.02065
    62/299     3.29G   0.02594  0.007079   0.01601   0.04903         2       640     0.496    0.5184    0.4936    0.2967   0.05255   0.00494   0.02019
    63/299     3.29G   0.03014  0.007321   0.01767   0.05513         2       640    0.3917    0.4444    0.4943    0.2724   0.05222  0.004925   0.01981
    64/299     3.29G   0.02885  0.007219   0.01691   0.05298         2       640    0.5114    0.4804    0.5169     0.278   0.05036  0.005041   0.01897
    65/299     3.29G   0.02941  0.007344   0.01722   0.05397         2       640    0.6401    0.4272    0.5958    0.3367   0.04954  0.005069   0.01887
    66/299     3.29G   0.02848  0.007307    0.0173   0.05309         2       640     0.548    0.4525    0.5858    0.3503   0.04845  0.005004   0.01902
    67/299     3.29G   0.02805  0.007338   0.01649   0.05188         2       640    0.5124    0.5382    0.6084    0.3376   0.04687  0.005118   0.01926
    68/299     3.29G   0.02814  0.007153   0.01663   0.05192         1       640    0.8273    0.4707    0.6501    0.4106   0.04288  0.005264   0.01957
    69/299     3.29G   0.02719    0.0069   0.01571    0.0498         4       640    0.7087      0.62    0.6619    0.3721   0.04422  0.005068     0.019
    70/299     3.29G   0.02778  0.007014   0.01646   0.05126         3       640    0.7738    0.5837    0.7289    0.4326   0.04538  0.005071   0.01891
    71/299     3.29G   0.02774  0.007306   0.01607   0.05112         1       640    0.7546    0.5053    0.6454    0.3547   0.04485  0.005135   0.01827
    72/299     3.29G    0.0301  0.007213   0.01731   0.05462         2       640     0.521    0.7021    0.7424    0.3815   0.04549  0.004828   0.01749
    73/299     3.29G   0.02718  0.007001    0.0155   0.04967         4       640    0.8871     0.518    0.7375    0.4029   0.04361   0.00491   0.01751
    74/299     3.29G   0.02761  0.007027   0.01617   0.05081         1       640    0.8106    0.6797    0.7868    0.4369   0.04316  0.005085   0.01714
    75/299     3.29G   0.02681  0.007186   0.01542   0.04942         1       640    0.7124    0.7039    0.8148    0.4133   0.04398  0.005127   0.01671
    76/299     3.29G   0.02731  0.007137   0.01587   0.05032         1       640    0.8198    0.8515    0.9077     0.487   0.04246  0.004903   0.01649
    77/299     3.29G   0.02804  0.006979   0.01643   0.05145         3       640    0.6837    0.7983    0.8431    0.4618   0.04146  0.004992   0.01705
    78/299     3.29G    0.0284  0.006833   0.01632   0.05155         2       640    0.7834    0.7357    0.8711    0.4979   0.04062  0.004981   0.01599
    79/299     3.29G   0.02588  0.006728   0.01432   0.04692         3       640    0.7797    0.7636    0.8648    0.4915   0.04037  0.004992   0.01596
    80/299     3.29G   0.02542  0.006712    0.0149   0.04703         2       640    0.8401    0.7028    0.8251    0.5261   0.03451  0.005114   0.01569
    81/299     3.29G   0.02531  0.006649   0.01433   0.04629         3       640    0.7962    0.8598    0.9254    0.5039   0.03771  0.004894   0.01545
    82/299     3.29G   0.02571  0.006586   0.01466   0.04695         2       640    0.7239    0.9564    0.9089    0.5173   0.03603  0.004777   0.01527
    83/299     3.29G   0.02807  0.006778    0.0157   0.05055         1       640     0.827    0.8244     0.907    0.4903   0.03475  0.005096   0.01503
    84/299     3.29G   0.02648  0.006739   0.01476   0.04798         2       640    0.8537    0.8314    0.8936    0.5032   0.03514  0.005021   0.01444
    85/299     3.29G   0.02621  0.006829   0.01437   0.04741         1       640    0.8338    0.8204     0.912    0.5088   0.03166  0.005108   0.01446
    86/299     3.29G   0.02584  0.006856    0.0148    0.0475         1       640    0.8893    0.8187    0.9323    0.5334   0.03571  0.004726   0.01449
    87/299     3.29G   0.02567  0.006667   0.01445   0.04679         0       640    0.9529    0.7773    0.9179    0.5565   0.04092  0.004711   0.01451
    88/299     3.29G    0.0259   0.00648   0.01392    0.0463         2       640    0.8772     0.831    0.9585     0.609   0.03875  0.004597   0.01398
    89/299     3.29G   0.02541  0.006402   0.01441   0.04623         1       640    0.8665    0.9113    0.9585    0.6127   0.03848  0.004709   0.01402
    90/299     3.29G   0.02685  0.006889   0.01538   0.04912         1       640    0.8682    0.8313    0.9353    0.5638   0.04178  0.004522   0.01367
    91/299     3.29G    0.0246  0.006426   0.01354   0.04456         4       640     0.896    0.8373    0.9658    0.5689    0.0389  0.004485   0.01395
    92/299     3.29G   0.02548  0.006657   0.01364   0.04578         4       640    0.8464    0.9042    0.9714    0.5951   0.03743  0.004817    0.0141
    93/299     3.29G   0.02494  0.006572   0.01337   0.04488         2       640    0.9521    0.8494     0.986    0.5521   0.03693  0.004785    0.0139
    94/299     3.29G   0.02439  0.006587    0.0129   0.04388         2       640    0.8897    0.8776     0.953     0.573   0.03572  0.004787   0.01394
    95/299     3.29G   0.02415  0.006548   0.01304   0.04374         4       640    0.8587    0.9455    0.9768    0.5961   0.03474  0.004747   0.01407
    96/299     3.29G   0.02357  0.006252   0.01247   0.04229         2       640    0.9177    0.8418     0.965    0.5543   0.03741  0.004562   0.01411
    97/299     3.29G    0.0246  0.006478   0.01316   0.04424         1       640    0.8354    0.9613    0.9805    0.5795   0.03532  0.004539   0.01422
    98/299     3.29G     0.025  0.006475   0.01325   0.04472         2       640     0.899    0.8405    0.9334    0.5827   0.03598  0.004478   0.01429
    99/299     3.29G   0.02466  0.006356   0.01302   0.04404         2       640    0.9104    0.8082    0.9469    0.5703   0.03358  0.004758   0.01459
   100/299     3.29G   0.02396  0.006399   0.01224    0.0426         1       640     0.831    0.9053    0.9523    0.5763   0.03632  0.004622   0.01449
   101/299     3.29G   0.02503  0.006502   0.01321   0.04474         1       640    0.8651     0.919    0.9768    0.6322   0.03401  0.004583   0.01431
   102/299     3.29G   0.02291   0.00642   0.01161   0.04094         1       640    0.9018    0.8426    0.9585    0.6102   0.03823  0.004268   0.01414
   103/299     3.29G   0.02401  0.006259   0.01208   0.04234         3       640    0.9156    0.9454     0.986    0.6658   0.03587  0.004659   0.01404
   104/299     3.29G   0.02343  0.006157    0.0114   0.04098         2       640     0.866    0.9115    0.9714    0.6377   0.03511  0.004434   0.01381
   105/299     3.29G   0.02197  0.005986   0.01123   0.03919         1       640    0.9323    0.8547    0.9768    0.6313   0.03562  0.004414   0.01399
   106/299     3.29G   0.02358  0.006271   0.01182   0.04167         3       640    0.8808    0.9546     0.986    0.6331   0.03601  0.004376   0.01373
   107/299     3.29G   0.02276  0.006047   0.01086   0.03967         1       640    0.9136     0.921    0.9769    0.6713   0.03492  0.004317   0.01418
   108/299     3.29G    0.0225   0.00602   0.01042   0.03894         3       640    0.9415    0.9126    0.9952    0.6524   0.03597  0.004358   0.01399
   109/299     3.29G   0.02337  0.005956   0.01107   0.04041         5       640    0.8819    0.9802    0.9952    0.5885   0.03709  0.004586   0.01369
   110/299     3.29G   0.02349  0.006179   0.01065   0.04032         3       640    0.9446    0.8988    0.9952    0.6524   0.03394  0.004437   0.01369
   111/299     3.29G   0.02288  0.005964  0.009743   0.03859         1       640    0.9525    0.9125    0.9952    0.6412    0.0343  0.004588   0.01381
   112/299     3.29G   0.02309  0.005855   0.01037   0.03932         2       640    0.9505    0.9727    0.9952    0.6338   0.03644   0.00453   0.01355
   113/299     3.29G   0.02201  0.005966  0.009941   0.03792         4       640    0.9315    0.9703    0.9952    0.6297   0.03652  0.004316   0.01354
   114/299     3.29G   0.02127  0.005637  0.009023   0.03593         2       640    0.9054    0.9413    0.9861    0.6681   0.03707  0.004415   0.01372
   115/299     3.29G   0.02241   0.00573   0.01011   0.03825         1       640    0.9225    0.9345     0.986    0.6319   0.03616  0.004282   0.01373
   116/299     3.29G   0.02196  0.005682  0.009654    0.0373         2       640    0.9189     0.942     0.986    0.6652   0.03525  0.004196   0.01377
   117/299     3.29G     0.023   0.00596  0.009834    0.0388         4       640    0.9406    0.9812    0.9952    0.6108   0.03532  0.004678   0.01381
   118/299     3.29G   0.02286   0.00597  0.009915   0.03874         1       640    0.9638    0.9549    0.9952    0.6408    0.0365  0.004521   0.01368
   119/299     3.29G   0.02075  0.005803  0.008969   0.03553         2       640    0.9211    0.9889    0.9952    0.6149   0.03788  0.004326   0.01388
   120/299     3.29G   0.02158  0.005739  0.008877    0.0362         1       640    0.9356    0.9233    0.9952     0.669   0.03848  0.004438   0.01394
   121/299     3.29G   0.02122  0.005577  0.008332   0.03513         1       640    0.9103    0.9722    0.9952    0.6616   0.03788  0.004439   0.01382
   122/299     3.29G   0.02214  0.005784  0.009127   0.03705         2       640    0.9006    0.9631    0.9952    0.6575   0.03739  0.004446   0.01364
   123/299     3.29G   0.02184  0.005725  0.008975   0.03654         2       640    0.9448    0.9249    0.9952    0.6359   0.03623  0.004448   0.01381
   124/299     3.29G   0.02058  0.005578  0.008246   0.03441         2       640    0.9638    0.9394    0.9952    0.6193   0.03641  0.004339   0.01395
   125/299     3.29G   0.02044  0.005716  0.008958   0.03512         4       640    0.9052    0.9824    0.9861    0.6628    0.0363  0.004512   0.01421
   126/299     3.29G    0.0223  0.005675  0.008926    0.0369         2       640    0.9766    0.9377    0.9952    0.6611   0.03562  0.004416    0.0141
   127/299     3.29G   0.02028  0.005527  0.007799    0.0336         2       640    0.9136    0.9302    0.9952    0.6358   0.03601  0.004693   0.01413
   128/299     3.29G   0.02071  0.005611  0.007367   0.03369         1       640    0.9619    0.9661    0.9952    0.6627   0.03548   0.00433   0.01411
   129/299     3.29G   0.02112  0.005437  0.009002   0.03556         2       640    0.9335    0.9842    0.9952    0.6554   0.03644  0.004286   0.01476
   130/299     3.29G   0.02022  0.005595  0.007966   0.03378         2       640    0.9662    0.9388    0.9952    0.6347   0.03799  0.004389   0.01503
   131/299     3.29G    0.0206  0.005582  0.008524   0.03471         3       640    0.9298    0.9841    0.9952    0.6579   0.03599  0.004372   0.01466
   132/299     3.29G   0.02019  0.005351   0.00756    0.0331         0       640    0.9353    0.9763    0.9952    0.6433   0.03662  0.004491   0.01444
   133/299     3.29G   0.02148  0.005624  0.008156   0.03526         3       640    0.9718    0.9508    0.9953    0.6462   0.03528  0.004333   0.01427
   134/299     3.29G   0.02038  0.005483  0.007665   0.03353         1       640    0.9724    0.9342    0.9952    0.6671   0.03581  0.004399    0.0141
   135/299     3.29G   0.02108   0.00564  0.007399   0.03412         4       640    0.9143    0.9825    0.9952    0.7009   0.03282  0.004278   0.01351
   136/299     3.29G   0.01971  0.005317  0.007343   0.03237         1       640    0.9472      0.96    0.9953    0.7096   0.03292  0.004565   0.01388
   137/299     3.29G   0.02026  0.005409  0.007502   0.03317         2       640    0.9499    0.9509    0.9952    0.6922    0.0348  0.004369   0.01469
   138/299     3.29G   0.01993  0.005443  0.007379   0.03275         0       640    0.9469    0.9284     0.986    0.6798   0.03466  0.004265   0.01438
   139/299     3.29G   0.02054  0.005279  0.007371   0.03319         4       640    0.9456    0.9482    0.9952    0.6886   0.03381  0.004287   0.01445
   140/299     3.29G   0.01973  0.005257  0.007445   0.03243         4       640    0.9441    0.9548    0.9952    0.7039   0.03378   0.00455   0.01472
   141/299     3.29G   0.02046  0.005464  0.008691   0.03461         3       640    0.9613    0.9456    0.9951    0.6819   0.03347  0.004379   0.01441
   142/299     3.29G   0.01986  0.005252   0.00718   0.03229         1       640    0.9287    0.9851    0.9952    0.6819   0.03202  0.004465   0.01417
   143/299     3.29G   0.02134   0.00522  0.007628   0.03419         4       640    0.9393    0.9617    0.9952    0.6984   0.03219  0.004423   0.01406
   144/299     3.29G   0.02053  0.005313  0.007097   0.03295         2       640    0.9713    0.9387    0.9952    0.7212    0.0325  0.004389   0.01399
   145/299     3.29G   0.01921  0.005105  0.006892   0.03121         2       640    0.9505    0.9548    0.9952    0.7144   0.03257  0.004477   0.01385
   146/299     3.29G   0.02043  0.005362  0.006938   0.03273         1       640    0.9246     0.985    0.9952    0.6935   0.03314   0.00431   0.01411
   147/299     3.29G   0.01931  0.005268  0.006445   0.03102         2       640    0.9577    0.9524    0.9952    0.7063   0.03216  0.004457   0.01358
   148/299     3.29G   0.02018  0.005258  0.006371   0.03181         4       640    0.9564     0.985    0.9952    0.7211    0.0333  0.004315    0.0133
   149/299     3.29G   0.01962  0.005151  0.007333   0.03211         1       640    0.9606    0.9873    0.9953    0.6911   0.03503  0.004421   0.01361
   150/299     3.29G   0.02018  0.005564  0.007949   0.03369         2       640    0.9274    0.9832    0.9952    0.7032   0.03449  0.004241   0.01384
   151/299     3.29G    0.0191  0.005421  0.006633   0.03115         3       640    0.9516    0.9627    0.9952    0.7112   0.03255  0.004473   0.01323
   152/299     3.29G    0.0193  0.005353  0.006766   0.03142         2       640    0.9587    0.9501    0.9952    0.7176   0.03226  0.004081   0.01303
   153/299     3.29G   0.01883  0.005162  0.006657   0.03065         4       640     0.964    0.9577    0.9952     0.696   0.03229  0.004509   0.01293
   154/299     3.29G   0.02024  0.005395  0.006723   0.03236         4       640    0.9192    0.9957    0.9952    0.6911    0.0331  0.004555   0.01285
   155/299     3.29G   0.01925  0.005122  0.006437   0.03081         1       640    0.9427    0.9795    0.9953    0.7072   0.03266  0.004167   0.01265
   156/299     3.29G   0.02002  0.005126   0.00647   0.03162         1       640    0.9364    0.9554    0.9953    0.7397   0.03232   0.00417   0.01285
   157/299     3.29G   0.01985  0.005177  0.006648   0.03167         2       640    0.9542    0.9553    0.9952     0.761   0.03318  0.004318   0.01274
   158/299     3.29G   0.01891  0.005275   0.00653   0.03072         2       640    0.9463    0.9802    0.9952    0.7378   0.03277   0.00428   0.01315
   159/299     3.29G   0.01989  0.005258  0.007021   0.03217         1       640    0.9634    0.9724    0.9952    0.7453   0.03184  0.004228   0.01312
   160/299     3.29G   0.01854   0.00523  0.005891   0.02966         1       640    0.9584    0.9747    0.9953    0.7347   0.03181  0.004266   0.01303
   161/299     3.29G   0.01944  0.005124   0.00642   0.03098         4       640    0.9757    0.9712    0.9953    0.7287   0.03228  0.004209   0.01316
   162/299     3.29G   0.01814   0.00534   0.00645   0.02993         3       640    0.9097    0.9923    0.9953    0.7255   0.03158  0.004153   0.01372
   163/299     3.29G   0.01882  0.005155  0.006167   0.03015         2       640    0.9568    0.9549    0.9953    0.7459    0.0316  0.004313   0.01335
   164/299     3.29G   0.01875  0.004935  0.006469   0.03016         1       640    0.9798    0.9372    0.9953    0.7164   0.03218   0.00429   0.01348
   165/299     3.29G   0.01899  0.005097  0.006491   0.03058         2       640    0.9702    0.9777    0.9953    0.7385   0.03265  0.004157   0.01357
   166/299     3.29G   0.01753   0.00527  0.005632   0.02843         1       640     0.968    0.9764    0.9955    0.7362   0.03232  0.004381   0.01314
   167/299     3.29G   0.01814  0.005182  0.005875    0.0292         1       640    0.9199    0.9879    0.9953    0.7368   0.03273  0.004454   0.01279
   168/299     3.29G   0.01899  0.004962  0.005844    0.0298         4       640    0.9554    0.9729    0.9952    0.7428   0.03188  0.004354   0.01308
   169/299     3.29G   0.01782  0.005082  0.005998    0.0289         4       640    0.9335    0.9801    0.9953    0.7287   0.03236  0.004295   0.01282
   170/299     3.29G   0.01829  0.005092  0.005953   0.02934         2       640    0.9785     0.936    0.9953    0.7158   0.03281  0.004007   0.01305
   171/299     3.29G   0.01856  0.005096  0.006113   0.02977         1       640    0.9675    0.9611    0.9954     0.706    0.0309  0.004216   0.01302
   172/299     3.29G   0.01848  0.005119  0.006114   0.02971         2       640    0.9344    0.9972    0.9953    0.7225   0.03126  0.004284   0.01261
   173/299     3.29G   0.01793  0.005092  0.005165   0.02819         2       640    0.9441    0.9911    0.9953     0.707   0.03204  0.004197   0.01239
   174/299     3.29G   0.01889  0.004961  0.006113   0.02996         3       640    0.9455    0.9903    0.9953     0.712   0.03199  0.004162   0.01244
   175/299     3.29G   0.01864   0.00493  0.005853   0.02942         2       640    0.9285     0.988    0.9953    0.7096   0.03226   0.00413   0.01254
   176/299     3.29G   0.01872  0.004997  0.006261   0.02997         3       640     0.966     0.974    0.9953    0.7095   0.03255  0.004245   0.01222
   177/299     3.29G   0.01784  0.004964   0.00589    0.0287         4       640    0.9587    0.9691    0.9954    0.7373   0.03256  0.004334   0.01176
   178/299     3.29G   0.01871  0.004792  0.005796   0.02929         2       640    0.9196    0.9885    0.9953    0.7458   0.03268  0.004233   0.01226
   179/299     3.29G     0.019  0.005154  0.006174   0.03033         2       640     0.937    0.9944    0.9953    0.7035   0.03378  0.004161   0.01211
   180/299     3.29G   0.01879  0.004891  0.005697   0.02938         3       640    0.9506    0.9769    0.9954    0.7594    0.0327  0.003996   0.01174
   181/299     3.29G    0.0181  0.004915  0.005941   0.02896         4       640    0.9312    0.9864    0.9953    0.7398   0.03079  0.004213   0.01151
   182/299     3.29G   0.01901  0.004869  0.005883   0.02976         1       640    0.9205    0.9924    0.9953    0.7358   0.03167  0.004194   0.01099
   183/299     3.29G   0.01841  0.005165  0.005689   0.02926         2       640    0.9339    0.9834    0.9954    0.7046   0.03387  0.003945   0.01126
   184/299     3.29G   0.01801  0.004872  0.005855   0.02874         4       640    0.9472    0.9786    0.9953    0.7213   0.03349  0.004049   0.01165
   185/299     3.29G   0.01865  0.005077  0.006244   0.02997         2       640    0.9426    0.9917    0.9953    0.7457   0.03365  0.004156   0.01161
   186/299     3.29G   0.01772  0.004966  0.005915    0.0286         4       640    0.9424    0.9982    0.9953    0.7291   0.03385  0.004073   0.01107
   187/299     3.29G   0.01833  0.005041  0.005921   0.02929         4       640    0.9605    0.9914    0.9953     0.729   0.03122  0.004278   0.01107
   188/299     3.29G   0.01749  0.004712  0.004982   0.02718         2       640    0.9235         1    0.9953    0.7544   0.03226   0.00414   0.01081
   189/299     3.29G   0.01763  0.005001  0.005563   0.02819         4       640    0.9336    0.9878    0.9953    0.7305   0.03309  0.003903   0.01095
   190/299     3.29G   0.01791  0.004769  0.004822    0.0275         2       640    0.9082    0.9817    0.9954    0.7514   0.03196  0.003999   0.01136
   191/299     3.29G   0.01767  0.005039  0.005213   0.02792         2       640    0.8992         1    0.9954    0.7103   0.03345   0.00399    0.0114
   192/299     3.29G   0.01831  0.004891  0.005265   0.02846         2       640     0.965    0.9748    0.9954    0.6994   0.03322  0.004022    0.0113
   193/299     3.29G   0.01746    0.0048  0.005524   0.02778         2       640    0.9608    0.9994    0.9953    0.7029   0.03195   0.00412   0.01135
   194/299     3.29G   0.01792  0.004937  0.005537   0.02839         4       640      0.93    0.9883    0.9953    0.7279   0.03211  0.003995    0.0115
   195/299     3.29G   0.01869  0.004699  0.005519   0.02891         1       640    0.9423    0.9954    0.9953    0.7452   0.03159  0.004106   0.01098
   196/299     3.29G   0.01733  0.004723  0.005164   0.02721         2       640    0.9562    0.9655    0.9954    0.7392   0.03218  0.003974   0.01145
   197/299     3.29G   0.01817  0.004839  0.004565   0.02757         4       640    0.9768    0.9857    0.9953    0.7317   0.03113  0.004034   0.01159
   198/299     3.29G   0.01815  0.004605  0.005453   0.02821         2       640      0.97    0.9983    0.9954    0.7276   0.03234  0.004039   0.01163
   199/299     3.29G   0.01856   0.00495   0.00548   0.02899         3       640     0.974    0.9831    0.9954    0.7292   0.03284  0.004053    0.0115
   200/299     3.29G   0.01761  0.004705  0.005028   0.02734         1       640    0.9692         1    0.9954    0.7636   0.03196   0.00418   0.01145
   201/299     3.29G    0.0181  0.004751  0.004936   0.02779         1       640    0.9609         1    0.9953    0.7612   0.03082   0.00412   0.01157
   202/299     3.29G    0.0167  0.004869  0.005179   0.02675         4       640      0.97    0.9893    0.9953    0.7513   0.03062  0.004156   0.01117
   203/299     3.29G   0.01861  0.004759  0.005476   0.02884         5       640    0.9622    0.9904    0.9955    0.7563   0.03179   0.00405   0.01053
   204/299     3.29G   0.01757  0.004809  0.005257   0.02763         4       640    0.9683    0.9893    0.9955    0.7526    0.0323  0.004125   0.01052
   205/299     3.29G   0.01699  0.004716  0.004731   0.02644         4       640    0.9662    0.9981    0.9954    0.7489   0.03242  0.004179   0.01045
   206/299     3.29G   0.01818  0.004933  0.005145   0.02826         2       640    0.9636    0.9784    0.9954     0.741    0.0321   0.00409   0.01028
   207/299     3.29G   0.01704  0.004763  0.004725   0.02653         2       640    0.9348    0.9999    0.9954    0.7274   0.03232  0.004156   0.01016
   208/299     3.29G   0.01688  0.004787  0.004489   0.02616         3       640    0.9781         1    0.9953    0.7403   0.03299  0.004219   0.01032
   209/299     3.29G   0.01666  0.004827  0.004512     0.026         4       640    0.9693    0.9863    0.9954    0.7348   0.03346  0.004001   0.01094
   210/299     3.29G    0.0177  0.004662  0.005074   0.02744         5       640    0.9713    0.9899    0.9954    0.7477   0.03301  0.004004   0.01119
   211/299     3.29G   0.01741  0.004743  0.005122   0.02728         2       640    0.9531    0.9999    0.9955    0.7587   0.03221  0.003921   0.01101
   212/299     3.29G   0.01797  0.004975  0.005054     0.028         2       640    0.9622    0.9982    0.9954    0.7764   0.03143  0.004023   0.01077
   213/299     3.29G   0.01751  0.004798  0.005309   0.02762         1       640    0.9518    0.9936    0.9954    0.7979   0.03213  0.003916    0.0111
   214/299     3.29G   0.01787  0.004965   0.00514   0.02798         2       640    0.9429    0.9985    0.9955     0.774   0.03186  0.003786   0.01117
   215/299     3.29G    0.0174  0.004719  0.004855   0.02697         4       640    0.9622    0.9966    0.9954    0.7592   0.03177  0.003915   0.01147
   216/299     3.29G   0.01687  0.004764  0.004611   0.02624         4       640    0.9727     0.992    0.9954     0.736   0.03265  0.003837   0.01149
   217/299     3.29G   0.01709  0.004692  0.004551   0.02633         1       640    0.9487    0.9913    0.9954    0.7413   0.03158   0.00385   0.01147
   218/299     3.29G   0.01743  0.004578  0.004906   0.02692         3       640    0.9494    0.9997    0.9955    0.7507    0.0306  0.004056   0.01198
   219/299     3.29G   0.01733  0.004674  0.005129   0.02713         4       640    0.9586         1    0.9955    0.7568   0.03079  0.003978   0.01137
   220/299     3.29G   0.01748  0.004617  0.004927   0.02702         1       640    0.9662         1    0.9955    0.7696   0.03127  0.003835   0.01063
   221/299     3.29G    0.0167  0.004551   0.00446   0.02571         4       640    0.9777         1    0.9955    0.7729   0.03132  0.003878   0.01047
   222/299     3.29G   0.01662  0.004659  0.004494   0.02578         1       640    0.9383    0.9999    0.9955    0.7674   0.03064  0.003967   0.01063
   223/299     3.29G   0.01681  0.004742  0.004589   0.02614         1       640    0.9553    0.9729    0.9956    0.7344   0.03037  0.004056   0.01026
   224/299     3.29G   0.01574  0.004616   0.00435   0.02471         1       640    0.9698    0.9941    0.9955    0.7669   0.03091  0.003937   0.00998
   225/299     3.29G   0.01756  0.004551  0.004946   0.02706         1       640     0.959    0.9956    0.9955    0.7349   0.03126  0.003907   0.01033
   226/299     3.29G   0.01628  0.004525  0.004532   0.02534         2       640    0.9635    0.9842    0.9955    0.7576   0.03064  0.003932  0.009968
   227/299     3.29G   0.01686  0.004673  0.004529   0.02606         3       640    0.9581    0.9975    0.9955    0.7331   0.03151  0.004026  0.009452
   228/299     3.29G   0.01653  0.004589  0.004464   0.02558         2       640    0.9506    0.9934    0.9955    0.7661    0.0309  0.003859  0.009408
   229/299     3.29G   0.01737   0.00471  0.004511   0.02659         4       640    0.9598    0.9908    0.9955    0.7379   0.03197  0.003801  0.009997
   230/299     3.29G   0.01704  0.004554  0.004463   0.02606         1       640     0.973    0.9949    0.9955    0.7662   0.03224   0.00392   0.01037
   231/299     3.29G   0.01604  0.004551  0.004535   0.02513         2       640    0.9692    0.9895    0.9957    0.7663   0.03213  0.003804   0.01027
   232/299     3.29G   0.01675  0.004699  0.004651    0.0261         3       640     0.955    0.9876    0.9955    0.7495   0.03005  0.003848   0.01002
   233/299     3.29G   0.01785  0.004746  0.004695   0.02729         2       640    0.9584    0.9804    0.9955    0.7926   0.02934  0.003858  0.009622
   234/299     3.29G   0.01677  0.004686  0.004539     0.026         3       640    0.9643    0.9762    0.9955    0.7711   0.02991  0.003872  0.009624
   235/299     3.29G   0.01729  0.004652  0.004566   0.02651         0       640     0.968    0.9801    0.9955    0.7416   0.02963  0.004021  0.009805
   236/299     3.29G   0.01625  0.004509  0.004056   0.02481         3       640    0.9594    0.9871    0.9955    0.7318   0.02962  0.004076   0.01033
   237/299     3.29G   0.01608  0.004544  0.004631   0.02525         2       640    0.9622    0.9873    0.9956    0.7803   0.03055  0.003983   0.01033
   238/299     3.29G   0.01663  0.004755  0.004595   0.02598         2       640    0.9746    0.9834    0.9955    0.7797   0.03076  0.003889  0.009947
   239/299     3.29G   0.01618   0.00474  0.004153   0.02507         1       640    0.9728         1    0.9955     0.776   0.03143  0.003951  0.009794
   240/299     3.29G   0.01573  0.004512  0.003994   0.02423         2       640    0.9554    0.9997    0.9955    0.7925   0.03032   0.00393  0.009819
   241/299     3.29G   0.01705  0.004685  0.004517   0.02625         1       640    0.9611         1    0.9955    0.7759    0.0294  0.003905  0.009881
   242/299     3.29G    0.0163  0.004614  0.003974   0.02489         4       640    0.9423    0.9997    0.9956    0.7637   0.02946  0.003927  0.009916
   243/299     3.29G   0.01622  0.004592   0.00432   0.02514         1       640    0.9524    0.9999    0.9956    0.7796   0.02954  0.003974  0.009888
   244/299     3.29G   0.01635  0.004559  0.004722   0.02563         1       640    0.9634    0.9973    0.9956    0.7753   0.03061  0.004022  0.009772
   245/299     3.29G   0.01699  0.004632  0.004252   0.02588         1       640    0.9724    0.9931    0.9956    0.7673   0.03035  0.003939  0.009604
   246/299     3.29G   0.01656  0.004626  0.004308   0.02549         4       640    0.9782    0.9999    0.9955    0.7778   0.02999  0.003854  0.009217
   247/299     3.29G   0.01665  0.004506  0.004524   0.02568         2       640    0.9607    0.9999    0.9955    0.7483   0.02979   0.00386  0.008913
   248/299     3.29G   0.01571  0.004549  0.003946    0.0242         2       640    0.9628    0.9999    0.9955    0.7569   0.02975  0.003816  0.009243
   249/299     3.29G   0.01688  0.004528  0.004121   0.02553         1       640    0.9661    0.9963    0.9955     0.768   0.02931  0.003885  0.009724
   250/299     3.29G   0.01638  0.004628  0.004542   0.02555         4       640    0.9727    0.9947    0.9955    0.7636   0.02849  0.003886  0.009797
   251/299     3.29G   0.01626  0.004703  0.004255   0.02522         4       640     0.974         1    0.9956    0.7611   0.02745  0.003865  0.009088
   252/299     3.29G   0.01623  0.004557  0.004073   0.02486         4       640     0.974    0.9989    0.9956    0.7883   0.02825  0.003939  0.008541
   253/299     3.29G   0.01641  0.004515  0.003891   0.02482         2       640    0.9619    0.9955    0.9955    0.7868   0.02894  0.003785  0.008594
   254/299     3.29G   0.01616  0.004589  0.004553    0.0253         2       640    0.9687    0.9866    0.9955    0.7844   0.02867  0.003886   0.00909
   255/299     3.29G   0.01625  0.004693  0.004353    0.0253         1       640    0.9623    0.9966    0.9956     0.779   0.02767  0.003912   0.00939
   256/299     3.29G   0.01614  0.004579  0.004451   0.02517         1       640    0.9623    0.9853    0.9956    0.7735   0.02764  0.003835   0.00931
   257/299     3.29G   0.01623  0.004556  0.004395   0.02518         2       640    0.9538    0.9916    0.9956    0.7846   0.02714  0.003737  0.009476
   258/299     3.29G    0.0155  0.004578  0.004279   0.02436         3       640    0.9512    0.9982    0.9956    0.7833   0.02703  0.003858  0.009434
   259/299     3.29G   0.01581  0.004464  0.003888   0.02416         2       640    0.9651     0.993    0.9956    0.7858   0.02761  0.003904  0.009088
   260/299     3.29G   0.01594   0.00456  0.004474   0.02498         1       640    0.9645         1    0.9955    0.7944   0.02823  0.003912  0.008991
   261/299     3.29G   0.01577  0.004466   0.00384   0.02407         3       640    0.9736    0.9998    0.9955    0.7943   0.02838  0.003898  0.009128
   262/299     3.29G   0.01599  0.004567  0.004043    0.0246         2       640    0.9816         1    0.9955    0.7924   0.02729  0.003872  0.009087
   263/299     3.29G   0.01493  0.004398  0.004103   0.02343         1       640    0.9749    0.9998    0.9956    0.7987    0.0273  0.003896  0.008861
   264/299     3.29G   0.01602  0.004645  0.004211   0.02488         3       640    0.9753         1    0.9956    0.7944   0.02723  0.003875  0.008904
   265/299     3.29G   0.01574  0.004681  0.003523   0.02395         4       640    0.9691    0.9999    0.9956    0.7827   0.02749  0.003769  0.009109
   266/299     3.29G   0.01665  0.004621  0.004258   0.02553         2       640    0.9695    0.9998    0.9955    0.7931   0.02763  0.003827  0.008874
   267/299     3.29G   0.01607  0.004352  0.004007   0.02443         1       640    0.9781    0.9999    0.9956    0.7858   0.02774  0.003847  0.008895
   268/299     3.29G    0.0162  0.004524  0.004397   0.02512         4       640    0.9686    0.9999    0.9957    0.7785   0.02779  0.003838  0.008911
   269/299     3.29G   0.01577   0.00451  0.003775   0.02405         2       640    0.9706    0.9999    0.9957    0.7889   0.02709  0.003865  0.009133
   270/299     3.29G    0.0164  0.004688  0.004211    0.0253         3       640    0.9713     0.993    0.9957    0.7946   0.02623  0.003855  0.009558
   271/299     3.29G   0.01624   0.00466  0.004154   0.02505         2       640    0.9678         1    0.9957    0.7713   0.02684  0.003986  0.009476
   272/299     3.29G   0.01645   0.00466  0.003905   0.02501         2       640    0.9707    0.9999    0.9956    0.7865    0.0283  0.003983  0.008981
   273/299     3.29G   0.01588  0.004513  0.003858   0.02425         1       640    0.9775    0.9997    0.9956    0.7797   0.02816  0.003958  0.008872
   274/299     3.29G   0.01675  0.004522  0.004071   0.02534         2       640    0.9698    0.9998    0.9956    0.7834   0.02687  0.003921  0.008859
   275/299     3.29G   0.01604  0.004391  0.003621   0.02405         4       640    0.9744    0.9933    0.9956    0.7822   0.02595   0.00397   0.00891
   276/299     3.29G    0.0158  0.004563  0.003976   0.02434         3       640    0.9772    0.9916    0.9956    0.7784   0.02629  0.003861  0.009045
   277/299     3.29G   0.01536  0.004639  0.004274   0.02427         2       640    0.9737         1    0.9955    0.7907   0.02751  0.003898  0.008722
   278/299     3.29G    0.0156  0.004518  0.003792   0.02391         1       640     0.971    0.9998    0.9957     0.784   0.02775  0.003912  0.008641
   279/299     3.29G   0.01568  0.004614  0.004135   0.02443         2       640    0.9728    0.9999    0.9957    0.7889   0.02773  0.003864  0.008467
   280/299     3.29G   0.01583  0.004413   0.00374   0.02398         2       640    0.9772         1    0.9956    0.7944   0.02769  0.003811  0.008543
   281/299     3.29G   0.01659  0.004441  0.004519   0.02555         1       640    0.9746    0.9999    0.9956     0.776   0.02729  0.003824  0.008656
   282/299     3.29G   0.01523  0.004536  0.003995   0.02376         2       640    0.9773    0.9912    0.9956    0.7895    0.0269  0.003865  0.008687
   283/299     3.29G   0.01509  0.004378  0.003555   0.02303         3       640    0.9719    0.9968    0.9956    0.7883   0.02661  0.003889  0.008598
   284/299     3.29G   0.01555  0.004434  0.003543   0.02352         3       640    0.9675    0.9997    0.9957    0.7908   0.02695  0.003876  0.008623
   285/299     3.29G   0.01533  0.004449  0.003744   0.02352         4       640    0.9733         1    0.9957    0.7761   0.02752  0.003836  0.008466
   286/299     3.29G   0.01534   0.00441  0.004002   0.02375         1       640    0.9718    0.9998    0.9957    0.7774   0.02706  0.003893  0.008283
   287/299     3.29G   0.01652  0.004682  0.004338   0.02554         1       640     0.979    0.9894    0.9956    0.7595   0.02682  0.003957  0.008351
   288/299     3.29G   0.01482  0.004304  0.003732   0.02286         1       640     0.986    0.9806    0.9956    0.7852   0.02699  0.003926  0.008636
   289/299     3.29G   0.01588  0.004343  0.003643   0.02387         2       640    0.9786    0.9918    0.9956    0.7778   0.02724  0.003945  0.008793
   290/299     3.29G   0.01588  0.004572  0.003877   0.02433         1       640     0.982    0.9865    0.9957    0.7724   0.02684  0.003977  0.008716
   291/299     3.29G   0.01564  0.004504  0.003844   0.02399         1       640    0.9815    0.9871    0.9957    0.7908   0.02629  0.003938  0.008394
   292/299     3.29G   0.01529  0.004345  0.003657    0.0233         4       640    0.9754    0.9924    0.9956    0.7871   0.02614  0.003874  0.007996
   293/299     3.29G   0.01636  0.004312  0.004143   0.02482         1       640     0.966         1    0.9956    0.7834    0.0265  0.003816  0.007823
   294/299     3.29G   0.01594  0.004377  0.003961   0.02427         4       640    0.9666    0.9997    0.9957    0.7871   0.02611  0.003847  0.008028
   295/299     3.29G   0.01627  0.004577  0.004046   0.02489         1       640    0.9759    0.9933    0.9957    0.7779   0.02629  0.003917  0.007889
   296/299     3.29G   0.01597  0.004426  0.003704    0.0241         1       640    0.9768    0.9942    0.9957    0.7858   0.02603  0.004001  0.007705
   297/299     3.29G    0.0157  0.004524  0.003934   0.02416         2       640    0.9731         1    0.9957    0.7871   0.02601  0.004023   0.00766
   298/299     3.29G   0.01552  0.004446  0.003804   0.02378         1       640    0.9674    0.9996    0.9956    0.7822    0.0264  0.003953  0.007466
   299/299     3.29G   0.01552  0.004252  0.003631   0.02341         2       640     0.959    0.9919    0.9957    0.7872    0.0269  0.003895  0.007349
